"CITATIONS","TECTONIC SETTING","LOCATION","LOCATION COMMENT","LATITUDE MIN","LATITUDE MAX","LONGITUDE MIN","LONGITUDE MAX","LAND OR SEA","ELEVATION MIN","ELEVATION MAX","SAMPLE NAME","ROCK NAME","MIN. AGE (YRS.)","MAX. AGE (YRS.)","GEOL.","AGE","ERUPTION DAY","ERUPTION MONTH","ERUPTION YEAR","ROCK TEXTURE","ROCK TYPE","DRILL DEPTH MIN","DRILL DEPTHAX","ALTERATION","MINERAL","MATERIAL","SIO2(WT%)","TIO2(WT%)","B2O3(WT%)","AL2O3(WT%)","CR2O3(WT%)","FE2O3(WT%)","FEO(WT%)","FEOT(WT%)","CAO(WT%)","MGO(WT%)","MNO(WT%)","NIO(WT%)","K2O(WT%)","NA2O(WT%)","P2O5(WT%)","H2O(WT%)","H2OP(WT%)","H2OM(WT%)","H2OT(WT%)","CO2(WT%)","CO1(WT%)","F(WT%)","CL(WT%)","CL2(WT%)","OH(WT%)","CH4(WT%)","SO2(WT%)","SO3(WT%)","SO4(WT%)","S(WT%)","LOI(WT%)","VOLATILES(WT%)","O(WT%)","OTHERS(WT%)","HE(CCM/G)","HE(CCMSTP/G)","HE3(CCMSTP/G)","HE3(AT/G)","HE4(CCM/G)","HE4(CCMSTP/G)","HE4(AT/G)","HE4(MOLE/G)","HE4(NCC/G)","HE(NCC/G)","LI(PPM)","BE(PPM)","B(PPM)","C(PPM)","CO2(PPM)","F(PPM)","NA(PPM)","MG(PPM)","AL(PPM)","P(PPM)","S(PPM)","CL(PPM)","K(PPM)","CA(PPM)","SC(PPM)","TI(PPM)","V(PPM)","CR(PPM)","MN(PPM)","FE(PPM)","CO(PPM)","NI(PPM)","CU(PPM)","ZN(PPM)","GA(PPM)","GE(PPM)","AS(PPM)","SE(PPM)","BR(PPM)","RB(PPM)","SR(PPM)","Y(PPM)","ZR(PPM)","NB(PPM)","MO(PPM)","RU(PPM)","RH(PPM)","PD(PPM)","AG(PPM)","CD(PPM)","IN(PPM)","SN(PPM)","SB(PPM)","TE(PPM)","I(PPM)","CS(PPM)","BA(PPM)","LA(PPM)","CE(PPM)","PR(PPM)","ND(PPM)","SM(PPM)","EU(PPM)","GD(PPM)","TB(PPM)","DY(PPM)","HO(PPM)","ER(PPM)","TM(PPM)","YB(PPM)","LU(PPM)","HF(PPM)","TA(PPM)","W(PPM)","RE(PPM)","OS(PPM)","IR(PPM)","PT(PPM)","AU(PPM)","HG(PPM)","TL(PPM)","PB(PPM)","BI(PPM)","TH(PPM)","U(PPM)","ND143_ND144","ND143_ND144_INI","EPSILON_ND","SR87_SR86","SR87_SR86_INI","PB206_PB204","PB206_PB204_INI","PB207_PB204","PB207_PB204_INI","PB208_PB204","PB208_PB204_INI","OS184_OS188","OS186_OS188","OS187_OS186","OS187_OS188","RE187_OS186","RE187_OS188","HF176_HF177","HE3_HE4","HE3_HE4(R/R(A))","HE4_HE3","HE4_HE3(R/R(A))","K40_AR40","AR40_K40","UNIQUE_ID","[5205]","ARCHEAN CRATON (INCLUDING GREENSTONE BELTS)","WEST AFRICAN CRATON_ARCHEAN / SIERRA LEONE GREENSTONE BELTS / SULA MOUNTAINS GREENSTONE BELT / SONFON FORMATION","","8.5","9","-11.5","-11.75","SAE","","","s_310 [5205]","KOMATIITE [5205]","","","NEO [5205]","ARCHEAN [5205]","","","","","VOL","","","","","WR [5205] ","45.42","0.13","","7.99","","","","","2.28","34.57","0.22","","0.06","0.01","0.02","8.62","","","","0.6","","","","","","","","","","","","","","","","","","","","","","","","","","","","","","","","","","","","","","","","","","3146","","","82","1622","18","60","5","","","","","0","6","3","3","0","","","","","","","","","","","","","18","0","0","0","0.37","0.22","0.1","0.51","","0.59","0.16","0.45","","0.52","0.1","","","","","","","","","","","","","0","","","","","","","","","","","","","","","","","","","","","","","","","","184947","[5205]","ARCHEAN CRATON (INCLUDING GREENSTONE BELTS)","WEST AFRICAN CRATON_ARCHEAN / SIERRA LEONE GREENSTONE BELTS / SULA MOUNTAINS GREENSTONE BELT / SONFON FORMATION","","8.5","9","-11.5","-11.75","SAE","","","s_313 [5205]","KOMATIITE [5205]","","","NEO [5205]","ARCHEAN [5205]","","","","","VOL","","","","","WR [5205] ","46.69","0.15","","6.61","","","","","3.37","33.26","0.14","","0.07","0.02","0.06","6.86","","","","1.15","","","","","","","","","","","","","","","","","","","","","","","","","","","","","","","","","","","","","","","","","","4015","","","84","1686","10","68","5","","","","","0","9","4","3","0","","","","","","","","","","","","","8","0","0","0","0.44","0.26","0.11","0.41","","0.71","0.2","0.5","","0.58","0.11","","","","","","","","","","","","","0","","","","","","","","","","","","","","","","","","","","","","","","","","184948","[5205]","ARCHEAN CRATON (INCLUDING GREENSTONE BELTS)","WEST AFRICAN CRATON_ARCHEAN / SIERRA LEONE GREENSTONE BELTS / SULA MOUNTAINS GREENSTONE BELT / SONFON FORMATION","","8.5","9","-11.5","-11.75","SAE","","","s_315 [5205]","KOMATIITE [5205]","","","NEO [5205]","ARCHEAN [5205]","","","","","VOL","","","","","WR [5205] ","48.64","0.11","","6.2","","","","","4.09","31.98","0.13","","0.03","0.02","0.02","7.04","","","","0.53","","","","","","","","","","","","","","","","","","","","","","","","","","","","","","","","","","","","","","","","","","3414","","","81","1533","17","54","4","","","","","0","10","4","0","0","","","","","","","","","","","","","4","0","0","0","0.42","0.29","0.14","0.54","","0.69","0.19","0.51","","0","0.11","","","","","","","","","","","","","0","","","","","","","","","","","","","","","","","","","","","","","","","","184949","[5205]","ARCHEAN CRATON (INCLUDING GREENSTONE BELTS)","WEST AFRICAN CRATON_ARCHEAN / SIERRA LEONE GREENSTONE BELTS / SULA MOUNTAINS GREENSTONE BELT / SONFON FORMATION","","8.5","9","-11.5","-11.75","SAE","","","s_335 [5205]","KOMATIITE [5205]","","","NEO [5205]","ARCHEAN [5205]","","","","","VOL","","","","","WR [5205] ","48.17","0.21","","6.83","","","","","4.32","30.29","0.2","","0.02","0.04","0.01","6.29","","","","2.21","","","","","","","","","","","","","","","","","","","","","","","","","","","","","","","","","","","","","","","","","","2735","","","74","1593","22","58","7","","","","","0","16","3","0","0","","","","","","","","","","","","","14","0","1.34","0","0.86","0.22","0.13","0.46","","0.54","0","0","","0.34","0.07","","","","","","","","","","","","","0","","","","","","","","","","","","","","","","","","","","","","","","","","184950","[5205]","ARCHEAN CRATON (INCLUDING GREENSTONE BELTS)","WEST AFRICAN CRATON_ARCHEAN / SIERRA LEONE GREENSTONE BELTS / SULA MOUNTAINS GREENSTONE BELT / SONFON FORMATION","","8.5","9","-11.5","-11.75","SAE","","","s_328 [5205]","KOMATIITE [5205]","","","NEO [5205]","ARCHEAN [5205]","","","","","VOL","","","","","WR [5205] ","50.27","0.2","","7.55","","","","","5.97","27.82","0.13","","0.03","0.06","0.03","5.56","","","","0.2","","","","","","","","","","","","","","","","","","","","","","","","","","","","","","","","","","","","","","","","","","2875","","","77","1481","11","49","7","","","","","3","3","7","8","0","","","","","","","","","","","","","9","0","1.03","0","1.48","0.67","0.08","0.72","","1.21","0.33","0.64","","0.93","0.17","","","","","","","","","","","","","0","","","","","","","","","","","","","","","","","","","","","","","","","","184951","[5205]","ARCHEAN CRATON (INCLUDING GREENSTONE BELTS)","WEST AFRICAN CRATON_ARCHEAN / SIERRA LEONE GREENSTONE BELTS / SULA MOUNTAINS GREENSTONE BELT / SONFON FORMATION","","8.5","9","-11.5","-11.75","SAE","","","s_339 [5205]","KOMATIITE [5205]","","","NEO [5205]","ARCHEAN [5205]","","","","","VOL","","","","","WR [5205] ","49.36","0.2","","9.01","","","","","6.76","25.7","0.16","","0.03","0.04","0.03","6.46","","","","0.4","","","","","","","","","","","","","","","","","","","","","","","","","","","","","","","","","","","","","","","","","","3375","","","74","1217","0","55","5","","","","","0","5","9","8","0","","","","","","","","","","","","","8","0","5.18","0","2.74","0.62","0.22","0.91","","1.33","0.35","0.94","","0.99","0.17","","","","","","","","","","","","","0","","","","","","","","","","","","","","","","","","","","","","","","","","184952","[5205]","ARCHEAN CRATON (INCLUDING GREENSTONE BELTS)","WEST AFRICAN CRATON_ARCHEAN / SIERRA LEONE GREENSTONE BELTS / SULA MOUNTAINS GREENSTONE BELT / SONFON FORMATION","","8.5","9","-11.5","-11.75","SAE","","","s_326 [5205]","KOMATIITE [5205]","","","NEO [5205]","ARCHEAN [5205]","","","","","VOL","","","","","WR [5205] ","48.64","0.21","","8.58","","","","","8.02","24.98","0.18","","0.03","0.04","0.03","6.31","","","","0.45","","","","","","","","","","","","","","","","","","","","","","","","","","","","","","","","","","","","","","","","","","2854","","","72","1409","0","65","7","","","","","0","6","6","8","0","","","","","","","","","","","","","10","0","1.83","0","1.51","0.86","0.28","1.41","","1.2","0","0","","0.87","0.19","","","","","","","","","","","","","0","","","","","","","","","","","","","","","","","","","","","","","","","","184953","[5205]","ARCHEAN CRATON (INCLUDING GREENSTONE BELTS)","WEST AFRICAN CRATON_ARCHEAN / SIERRA LEONE GREENSTONE BELTS / SULA MOUNTAINS GREENSTONE BELT / SONFON FORMATION","","8.5","9","-11.5","-11.75","SAE","","","s_340 [5205]","KOMATIITE [5205]","","","NEO [5205]","ARCHEAN [5205]","","","","","VOL","","","","","WR [5205] ","50.85","0.18","","8.04","","","","","9.11","23.7","0.19","","0.04","0","0.02","4.04","","","","0.13","","","","","","","","","","","","","","","","","","","","","","","","","","","","","","","","","","","","","","","","","","2488","","","72","1287","12","68","6","","","","","0","2","6","7","0","","","","","","","","","","","","","12","0","2.89","0","2.1","0.49","0.23","0.75","","0.99","0.26","0.69","","0.66","0.11","","","","","","","","","","","","","0","","","","","","","","","","","","","","","","","","","","","","","","","","184954","[5205]","ARCHEAN CRATON (INCLUDING GREENSTONE BELTS)","WEST AFRICAN CRATON_ARCHEAN / SIERRA LEONE GREENSTONE BELTS / SULA MOUNTAINS GREENSTONE BELT / SONFON FORMATION","","8.5","9","-11.5","-11.75","SAE","","","s_316 [5205]","KOMATIITE [5205]","","","NEO [5205]","ARCHEAN [5205]","","","","","VOL","","","","","WR [5205] ","47.18","0.44","","7.85","","","","","7.57","24.52","0.16","","0.03","0.06","0.06","6.07","","","","1.12","","","","","","","","","","","","","","","","","","","","","","","","","","","","","","","","","","","","","","","","","","3081","","","86","1536","39","74","8","","","","","0","7","10","27","0","","","","","","","","","","","","","10","0","4.5","0","3","0.99","0.14","1.43","","1.66","0.41","1","","0.95","0.17","","","","","","","","","","","","","0","","","","","","","","","","","","","","","","","","","","","","","","","","184955","[5205]","ARCHEAN CRATON (INCLUDING GREENSTONE BELTS)","WEST AFRICAN CRATON_ARCHEAN / SIERRA LEONE GREENSTONE BELTS / SULA MOUNTAINS GREENSTONE BELT / SONFON FORMATION","","8.5","9","-11.5","-11.75","SAE","","","s_318 [5205]","KOMATIITE [5205]","","","NEO [5205]","ARCHEAN [5205]","","","","","VOL","","","","","WR [5205] ","49.16","0.44","","7.34","","","","","8.71","23.28","0.15","","0.03","0.05","0.06","3.55","","","","0.73","","","","","","","","","","","","","","","","","","","","","","","","","","","","","","","","","","","","","","","","","","2873","","","75","1266","52","69","7","","","","","0","8","10","26","0","","","","","","","","","","","","","17","0","4.99","0","3.23","0.74","0.19","1.46","","1.76","0.43","1.13","","0.96","0.16","","","","","","","","","","","","","0","","","","","","","","","","","","","","","","","","","","","","","","","","184956","[5205]","ARCHEAN CRATON (INCLUDING GREENSTONE BELTS)","WEST AFRICAN CRATON_ARCHEAN / SIERRA LEONE GREENSTONE BELTS / SULA MOUNTAINS GREENSTONE BELT / SONFON FORMATION","","8.5","9","-11.5","-11.75","SAE","","","s_336 [5205]","BASALT, KOMATIITIC [5205]","","","NEO [5205]","ARCHEAN [5205]","","","","","VOL","","","","","WR [5205] ","48.5","0.5","","7.79","","","","","9.81","21.82","0.21","","0.01","0.1","0.04","4.05","","","","0.21","","","","","","","","","","","","","","","","","","","","","","","","","","","","","","","","","","","","","","","","","","1790","","","75","1133","14","75","9","","","","","4","18","15","31","0","","","","","","","","","","","","","22","2.8","7.93","0","4.73","1.4","0.63","2.09","","2.46","0.61","1.61","","1.41","0.24","","","","","","","","","","","","","2","","","","","","","","","","","","","","","","","","","","","","","","","","184957","[5205]","ARCHEAN CRATON (INCLUDING GREENSTONE BELTS)","WEST AFRICAN CRATON_ARCHEAN / SIERRA LEONE GREENSTONE BELTS / SULA MOUNTAINS GREENSTONE BELT / SONFON FORMATION","","8.5","9","-11.5","-11.75","SAE","","","s_329 [5205]","BASALT, KOMATIITIC [5205]","","","NEO [5205]","ARCHEAN [5205]","","","","","VOL","","","","","WR [5205] ","50.21","0.59","","10.54","","","","","9.8","16.51","0.18","","0.07","1.06","0.08","3.07","","","","0.14","","","","","","","","","","","","","","","","","","","","","","","","","","","","","","","","","","","","","","","","","","1892","","","70","796","20","71","12","","","","","0","39","17","41","0","","","","","","","","","","","","","38","4.51","10.41","0","6.41","1.75","0.64","2.39","","2.84","0.71","1.77","","1.57","0.25","","","","","","","","","","","","","1","","","","","","","","","","","","","","","","","","","","","","","","","","184958","[5205]","ARCHEAN CRATON (INCLUDING GREENSTONE BELTS)","WEST AFRICAN CRATON_ARCHEAN / SIERRA LEONE GREENSTONE BELTS / SULA MOUNTAINS GREENSTONE BELT / SONFON FORMATION","","8.5","9","-11.5","-11.75","SAE","","","s_325 [5205]","BASALT, KOMATIITIC [5205]","","","NEO [5205]","ARCHEAN [5205]","","","","","VOL","","","","","WR [5205] ","50.59","0.56","","9.38","","","","","10.53","16.54","0.19","","0.09","1.25","0.08","3.24","","","","0.28","","","","","","","","","","","","","","","","","","","","","","","","","","","","","","","","","","","","","","","","","","1803","","","61","786","16","78","9","","","","","2","37","21","39","0","","","","","","","","","","","","","34","5.82","6.94","0","5.34","1.19","0.73","2.96","","2.59","0.71","1.79","","1.42","0.28","","","","","","","","","","","","","2","","","","","","","","","","","","","","","","","","","","","","","","","","184959","[5205]","ARCHEAN CRATON (INCLUDING GREENSTONE BELTS)","WEST AFRICAN CRATON_ARCHEAN / SIERRA LEONE GREENSTONE BELTS / SULA MOUNTAINS GREENSTONE BELT / SONFON FORMATION","","8.5","9","-11.5","-11.75","SAE","","","s_321 [5205]","BASALT, KOMATIITIC [5205]","","","NEO [5205]","ARCHEAN [5205]","","","","","VOL","","","","","WR [5205] ","50.71","0.58","","9.5","","","","","10.19","16.66","0.18","","0.07","1.39","0.06","2.77","","","","0.31","","","","","","","","","","","","","","","","","","","","","","","","","","","","","","","","","","","","","","","","","","1874","","","62","799","9","70","11","","","","","2","52","15","39","0","","","","","","","","","","","","","27","3.03","6.38","0","4.26","1.2","0.6","2.15","","2.39","0.54","1.41","","1.28","0.21","","","","","","","","","","","","","1","","","","","","","","","","","","","","","","","","","","","","","","","","184960","[5205]","ARCHEAN CRATON (INCLUDING GREENSTONE BELTS)","WEST AFRICAN CRATON_ARCHEAN / SIERRA LEONE GREENSTONE BELTS / SULA MOUNTAINS GREENSTONE BELT / SONFON FORMATION","","8.5","9","-11.5","-11.75","SAE","","","s_319 [5205]","BASALT, KOMATIITIC [5205]","","","NEO [5205]","ARCHEAN [5205]","","","","","VOL","","","","","WR [5205] ","50.61","0.6","","10.02","","","","","10.39","16.01","0.19","","0.11","1.29","0.1","2.86","","","","0.61","","","","","","","","","","","","","","","","","","","","","","","","","","","","","","","","","","","","","","","","","","1788","","","60","723","35","71","9","","","","","3","44","16","40","0","","","","","","","","","","","","","33","2.73","6.18","0","3.94","1.15","0.6","2.22","","2.42","0.55","1.49","","1.39","0.23","","","","","","","","","","","","","0","","","","","","","","","","","","","","","","","","","","","","","","","","184961","[5205]","ARCHEAN CRATON (INCLUDING GREENSTONE BELTS)","WEST AFRICAN CRATON_ARCHEAN / SIERRA LEONE GREENSTONE BELTS / SULA MOUNTAINS GREENSTONE BELT / SONFON FORMATION","","8.5","9","-11.5","-11.75","SAE","","","s_344 [5205]","BASALT [5205]","","","NEO [5205]","ARCHEAN [5205]","","","","","VOL","","","","","WR [5205] ","50.59","0.46","","12.44","","","","","10.19","9.41","0.18","","0.1","2.56","0.07","0.97","","","","","","","","","","","","","","","","","","","","","","","","","","","","","","","","","","","","","","","","","","","","","","628","","","46","208","16","65","9","","","","","0","68","16","28","0","","","","","","","","","","","","","25","1.38","4.4","0","2.85","1.12","0.54","1.96","","2.36","0.65","1.54","","1.42","0.28","","","","","","","","","","","","","0","","","","","","","","","","","","","","","","","","","","","","","","","","184962","[5205]","ARCHEAN CRATON (INCLUDING GREENSTONE BELTS)","WEST AFRICAN CRATON_ARCHEAN / SIERRA LEONE GREENSTONE BELTS / SULA MOUNTAINS GREENSTONE BELT / SONFON FORMATION","","8.5","9","-11.5","-11.75","SAE","","","s_354 [5205]","BASALT [5205]","","","NEO [5205]","ARCHEAN [5205]","","","","","VOL","","","","","WR [5205] ","50.98","0.67","","14.09","","","","","10.86","7.5","0.18","","0.25","1.58","0.07","1.88","","","","","","","","","","","","","","","","","","","","","","","","","","","","","","","","","","","","","","","","","","","","","","232","","","41","86","43","80","12","","","","","4","96","21","57","2","","","","","","","","","","","","","68","4.15","10.83","0","7.1","2.22","0.83","2.89","","3.45","0.87","2.12","","2.13","0.37","","","","","","","","","","","","","0","","","","","","","","","","","","","","","","","","","","","","","","","","184963","[5205]","ARCHEAN CRATON (INCLUDING GREENSTONE BELTS)","WEST AFRICAN CRATON_ARCHEAN / SIERRA LEONE GREENSTONE BELTS / SULA MOUNTAINS GREENSTONE BELT / SONFON FORMATION","","8.5","9","-11.5","-11.75","SAE","","","s_356 [5205]","BASALT [5205]","","","NEO [5205]","ARCHEAN [5205]","","","","","VOL","","","","","WR [5205] ","50.14","0.53","","16.9","","","","","11.3","7.56","0.16","","0.12","1.4","0.04","1.2","","","","","","","","","","","","","","","","","","","","","","","","","","","","","","","","","","","","","","","","","","","","","","478","","","41","114","61","67","12","","","","","7","116","15","42","1","","","","","","","","","","","","","48","3.13","8.5","0","5.12","1.53","0.65","2.22","","2.37","0.63","1.53","","1.52","0.3","","","","","","","","","","","","","2","","","","","","","","","","","","","","","","","","","","","","","","","","184964","[5205]","ARCHEAN CRATON (INCLUDING GREENSTONE BELTS)","WEST AFRICAN CRATON_ARCHEAN / SIERRA LEONE GREENSTONE BELTS / SULA MOUNTAINS GREENSTONE BELT / SONFON FORMATION","","8.5","9","-11.5","-11.75","SAE","","","s_386 [5205]","BASALT [5205]","","","NEO [5205]","ARCHEAN [5205]","","","","","VOL","","","","","WR [5205] ","50.17","0.7","","13.89","","","","","10.95","6.61","0.18","","0.34","1.7","0.07","0.85","","","","","","","","","","","","","","","","","","","","","","","","","","","","","","","","","","","","","","","","","","","","","","223","","","44","81","76","72","13","","","","","16","109","22","54","0","","","","","","","","","","","","","85","3.69","7.79","0","7.07","2.17","0.74","2.42","","3.62","0.86","1.96","","2.2","0.33","","","","","","","","","","","","","2","","","","","","","","","","","","","","","","","","","","","","","","","","184965","[5205]","ARCHEAN CRATON (INCLUDING GREENSTONE BELTS)","WEST AFRICAN CRATON_ARCHEAN / SIERRA LEONE GREENSTONE BELTS / SULA MOUNTAINS GREENSTONE BELT / SONFON FORMATION","","8.5","9","-11.5","-11.75","SAE","","","s_374 [5205]","BASALT [5205]","","","NEO [5205]","ARCHEAN [5205]","","","","","VOL","","","","","WR [5205] ","51.48","1.36","","13.48","","","","","9.37","5.07","0.22","","0.18","2.07","0.15","0.24","","","","","","","","","","","","","","","","","","","","","","","","","","","","","","","","","","","","","","","","","","","","","","64","","","47","82","117","114","17","","","","","4","134","43","116","5","","","","","","","","","","","","","101","6.33","16.5","2.19","11.25","3.48","1.22","4.36","","4.99","1.22","2.91","","2.72","0.42","","","","","","","","","","","","","3","","","","","","","","","","","","","","","","","","","","","","","","","","184966","[5205]","ARCHEAN CRATON (INCLUDING GREENSTONE BELTS)","WEST AFRICAN CRATON_ARCHEAN / SIERRA LEONE GREENSTONE BELTS / SULA MOUNTAINS GREENSTONE BELT / SONFON FORMATION","","8.5","9","-11.5","-11.75","SAE","","","s_391 [5205]","BASALT [5205]","","","NEO [5205]","ARCHEAN [5205]","","","","","VOL","","","","","WR [5205] ","49.39","1.12","","15.72","","","","","10.84","6.34","0.21","","0.17","1.91","0.11","0.4","","","","","","","","","","","","","","","","","","","","","","","","","","","","","","","","","","","","","","","","","","","","","","180","","","46","141","93","120","15","","","","","5","112","25","76","3","","","","","","","","","","","","","48","4.36","10.92","0","7.62","2.52","1.09","3.49","","3.84","1","2.42","","2.35","0.47","","","","","","","","","","","","","1","","","","","","","","","","","","","","","","","","","","","","","","","","184967","[5205]","ARCHEAN CRATON (INCLUDING GREENSTONE BELTS)","WEST AFRICAN CRATON_ARCHEAN / SIERRA LEONE GREENSTONE BELTS / SULA MOUNTAINS GREENSTONE BELT / SONFON FORMATION","","8.5","9","-11.5","-11.75","SAE","","","s_377 [5205]","BASALT [5205]","","","NEO [5205]","ARCHEAN [5205]","","","","","VOL","","","","","WR [5205] ","53.42","1.58","","13.34","","","","","6.25","3.34","0.25","","0.24","3.23","0.28","","","","","","","","","","","","","","","","","","","","","","","","","","","","","","","","","","","","","","","","","","","","","","","49","","","41","27","45","138","15","","","","","7","135","47","129","4","","","","","","","","","","","","","151","7.72","19.99","2.64","12.54","3.91","1.46","5.3","","5.72","1.42","3.68","","3.42","0.56","","","","","","","","","","","","","0","","","","","","","","","","","","","","","","","","","","","","","","","","184968","[5205]","ARCHEAN CRATON (INCLUDING GREENSTONE BELTS)","WEST AFRICAN CRATON_ARCHEAN / SIERRA LEONE GREENSTONE BELTS / SULA MOUNTAINS GREENSTONE BELT / SONFON FORMATION","","8.5","9","-11.5","-11.75","SAE","","","s_370 [5205]","BASALT [5205]","","","NEO [5205]","ARCHEAN [5205]","","","","","VOL","","","","","WR [5205] ","54.28","1.35","","13.52","","","","","8.46","4.79","0.2","","0.21","2.32","0.16","0.8","","","","","","","","","","","","","","","","","","","","","","","","","","","","","","","","","","","","","","","","","","","","","","46","","","41","44","18","108","17","","","","","3","489","45","133","5","","","","","","","","","","","","","89","8.7","22.37","2.9","15.29","4.51","1.64","5.65","","6.8","1.69","4.16","","3.94","0.67","","","","","","","","","","","","","2","","","","","","","","","","","","","","","","","","","","","","","","","","184969","[8624]","ARCHEAN CRATON (INCLUDING GREENSTONE BELTS)","WEST AFRICAN CRATON_ARCHEAN / SIERRA LEONE GREENSTONE BELTS / NIMINI GREENSTONE BELT","","8.5","8.5","-11.13","-11.13","SAE","","","s_2 [8624]","AMPHIBOLITE [8624]","2800000000 [8624]","2800000000 [8624]","NEO [8624]","ARCHEAN [8624]","","","","VERY FINE-GRAINED [8624] ","MET","","","","","WR [8624] ","50.3","1.1","","12.4","","","","","11.1","8","0.2","","0.2","2","0.1","","","","","","","","","","","","","","","","","","","","","","","","","","","","","","","","","","","","","","","","","","","","","","","259","","","","121","","85","","","","","","1","102","24","74","","","","","","","","","","","","","","34","","","","","","","","","","","","","","","","","","","","","","","","","","","","","","","","","","","","","","","","","","","","","","","","","","","","","247013","[8624]","ARCHEAN CRATON (INCLUDING GREENSTONE BELTS)","WEST AFRICAN CRATON_ARCHEAN / SIERRA LEONE GREENSTONE BELTS / NIMINI GREENSTONE BELT","","8.5","8.5","-11.13","-11.13","SAE","","","s_6 [8624]","AMPHIBOLITE [8624]","2800000000 [8624]","2800000000 [8624]","NEO [8624]","ARCHEAN [8624]","","","","MEDIUM-GRAINED [8624] ","MET","","","","","WR [8624] ","51.1","1.8","","11.9","","","","","10","5.7","0.2","","0.3","2.5","0.2","","","","","","","","","","","","","","","","","","","","","","","","","","","","","","","","","","","","","","","","","","","","","","","154","","","","73","","112","","","","","","1","139","31","111","","","","","","","","","","","","","","49","","","","","","","","","","","","","","","","","","","","","","","","","","","","","","","","","","","","","","","","","","","","","","","","","","","","","247014","[8624]","ARCHEAN CRATON (INCLUDING GREENSTONE BELTS)","WEST AFRICAN CRATON_ARCHEAN / SIERRA LEONE GREENSTONE BELTS / NIMINI GREENSTONE BELT","","8.5","8.5","-11.13","-11.13","SAE","","","s_8 [8624]","AMPHIBOLITE [8624]","2800000000 [8624]","2800000000 [8624]","NEO [8624]","ARCHEAN [8624]","","","","MEDIUM-GRAINED [8624] ","MET","","","","","WR [8624] ","48.4","0.8","","12.9","","","","","11.5","9.2","0.2","","0.1","2.3","0.1","","","","","","","","","","","","","","","","","","","","","","","","","","","","","","","","","","","","","","","","","","","","","","","375","","","","178","","81","","","","","","0","115","21","56","","","","","","","","","","","","","","30","","","","","","","","","","","","","","","","","","","","","","","","","","","","","","","","","","","","","","","","","","","","","","","","","","","","","247015","[8624]","ARCHEAN CRATON (INCLUDING GREENSTONE BELTS)","WEST AFRICAN CRATON_ARCHEAN / SIERRA LEONE GREENSTONE BELTS / NIMINI GREENSTONE BELT","","8.5","8.5","-11.13","-11.13","SAE","","","s_13 [8624]","AMPHIBOLITE [8624]","2800000000 [8624]","2800000000 [8624]","NEO [8624]","ARCHEAN [8624]","","","","MEDIUM-GRAINED [8624] ","MET","","","","","WR [8624] ","52.4","0.5","","14","","","","","9.3","7.9","0.2","","1.3","3","0.1","","","","","","","","","","","","","","","","","","","","","","","","","","","","","","","","","","","","","","","","","","","","","","","459","","","","125","","80","","","","","","105","188","18","78","","","","","","","","","","","","","","300","","","","","","","","","","","","","","","","","","","","","","","","","","","","","","","","","","","","","","","","","","","","","","","","","","","","","247016","[8624]","ARCHEAN CRATON (INCLUDING GREENSTONE BELTS)","WEST AFRICAN CRATON_ARCHEAN / SIERRA LEONE GREENSTONE BELTS / KAMBUI GREENSTONE BELT","SOUTH KAMBUI","7.95","7.95","-11.19","-11.19","SAE","","","s_69 [8624]","AMPHIBOLITE [8624]","2800000000 [8624]","2800000000 [8624]","NEO [8624]","ARCHEAN [8624]","","","","","MET","","","","","WR [8624] ","52.1","0.4","","15.12","","","","","10.44","8.27","0.17","","0.88","2.42","0.11","","","","","","","","","","","","","","","","1","","","","","","","","","","","","","","","","","","","","","","","","","","","","","","","274","","","","75","","78","","","","","","31","139","10","42","","","","","","","","","","","","","","231","","","","","","","","","","","","","","","","","","","","","","","","","","","","","","","","","","","","","","","","","","","","","","","","","","","","","247017","[8624]","ARCHEAN CRATON (INCLUDING GREENSTONE BELTS)","WEST AFRICAN CRATON_ARCHEAN / SIERRA LEONE GREENSTONE BELTS / KAMBUI GREENSTONE BELT","SOUTH KAMBUI","7.95","7.95","-11.19","-11.19","SAE","","","s_65 [8624]","AMPHIBOLITE [8624]","2800000000 [8624]","2800000000 [8624]","NEO [8624]","ARCHEAN [8624]","","","","MEDIUM-GRAINED, EQUIGRANULAR BANDED [8624] ","MET","","","","","WR [8624] ","50.38","1.33","","15.91","","","","","10.59","4.85","0.27","","0.14","3.63","0.19","","","","","","","","","","","","","","","","0.5","","","","","","","","","","","","","","","","","","","","","","","","","","","","","","","322","","","","123","","3","","","","","","3","132","26","87","","","","","","","","","","","","","","36","","","","","","","","","","","","","","","","","","","","","","","","","","","","","","","","","","","","","","","","","","","","","","","","","","","","","247018","[8624]","ARCHEAN CRATON (INCLUDING GREENSTONE BELTS)","WEST AFRICAN CRATON_ARCHEAN / SIERRA LEONE GREENSTONE BELTS / GORI HILLS GREENSTONE BELT","","8.37","8.37","-10.77","-10.77","SAE","","","s_75 [8624]","AMPHIBOLITE [8624]","2800000000 [8624]","2800000000 [8624]","NEO [8624]","ARCHEAN [8624]","","","","COARSE-GRAINED [8624] ","MET","","","","","WR [8624] ","50.86","0.16","","12.58","","","","","10.61","7.29","0.31","","0.59","2.67","0.14","","","","","","","","","","","","","","","","0.33","","","","","","","","","","","","","","","","","","","","","","","","","","","","","","","811","","","","151","","100","","","","","","13","138","15","71","","","","","","","","","","","","","","159","","","","","","","","","","","","","","","","","","","","","","","","","","","","","","","","","","","","","","","","","","","","","","","","","","","","","247019","[8624]","ARCHEAN CRATON (INCLUDING GREENSTONE BELTS)","WEST AFRICAN CRATON_ARCHEAN / SIERRA LEONE GREENSTONE BELTS / GORI HILLS GREENSTONE BELT","","8.37","8.37","-10.77","-10.77","SAE","","","s_86 [8624]","AMPHIBOLITE [8624]","2800000000 [8624]","2800000000 [8624]","NEO [8624]","ARCHEAN [8624]","","","","FINE-GRAINED [8624] ","MET","","","","","WR [8624] ","51.84","0.62","","15.17","","","","","10.89","7.47","0.2","","0.17","2.52","0.14","","","","","","","","","","","","","","","","1","","","","","","","","","","","","","","","","","","","","","","","","","","","","","","","383","","","","66","","76","","","","","","3","120","17","51","","","","","","","","","","","","","","49","","","","","","","","","","","","","","","","","","","","","","","","","","","","","","","","","","","","","","","","","","","","","","","","","","","","","247020","[8624]","ARCHEAN CRATON (INCLUDING GREENSTONE BELTS)","WEST AFRICAN CRATON_ARCHEAN / SIERRA LEONE GREENSTONE BELTS / MANO MOA GREENSTONE BELT","BAGLA HILL","9.5","9.5","-11.25","-11.25","SAE","","","s_156 [8624]","GRANULITE [8624]","2800000000 [8624]","2800000000 [8624]","NEO [8624]","ARCHEAN [8624]","","","","","MET","","","","","WR [8624] ","50.32","0.5","","13.9","","","","","12.33","9.15","0.21","","0.28","2.24","0.14","","","","","","","","","","","","","","","","0","","","","","","","","","","","","","","","","","","","","","","","","","","","","","","","261","","","","132","","71","","","","","","3","146","13","34","","","","","","","","","","","","","","40","","","","","","","","","","","","","","","","","","","","","","","","","","","","","","","","","","","","","","","","","","","","","","","","","","","","","247021","[8624]","ARCHEAN CRATON (INCLUDING GREENSTONE BELTS)","WEST AFRICAN CRATON_ARCHEAN / SIERRA LEONE GREENSTONE BELTS / MANO MOA GREENSTONE BELT","LALEHUN","9.5","9.5","-11.25","-11.25","SAE","","","s_142 [8624]","GRANULITE [8624]","2800000000 [8624]","2800000000 [8624]","NEO [8624]","ARCHEAN [8624]","","","","COARSE-GRAINED [8624] ","MET","","","","","WR [8624] ","46.89","0.87","","15.27","","","","","10.6","8.43","0.22","","0.51","3.02","0.16","","","","","","","","","","","","","","","","0.42","","","","","","","","","","","","","","","","","","","","","","","","","","","","","","","269","","","","155","","88","","","","","","5","140","21","47","","","","","","","","","","","","","","10","","","","","","","","","","","","","","","","","","","","","","","","","","","","","","","","","","","","","","","","","","","","","","","","","","","","","247022","[8624]","ARCHEAN CRATON (INCLUDING GREENSTONE BELTS)","WEST AFRICAN CRATON_ARCHEAN / SIERRA LEONE GREENSTONE BELTS / KAMBUI GREENSTONE BELT","SOUTH KAMBUI","7.95","7.95","-11.19","-11.19","SAE","","","s_57 [8624]","SERPENTINITE [8624]","2800000000 [8624]","2800000000 [8624]","NEO [8624]","ARCHEAN [8624]","","","","","MET","","","","","WR [8624] ","39","0.11","","2.33","","","","","2.62","32.37","0.2","","0.01","0.12","0.05","","","","","","","","","","","","","","","","10.67","","","","","","","","","","","","","","","","","","","","","","","","","","","","","","","4207","","","","1591","","44","","","","","","3","5","3","7","","","","","","","","","","","","","","3","","","","","","","","","","","","","","","","","","","","","","","","","","","","","","","","","","","","","","","","","","","","","","","","","","","","","247023","[8624]","ARCHEAN CRATON (INCLUDING GREENSTONE BELTS)","WEST AFRICAN CRATON_ARCHEAN / SIERRA LEONE GREENSTONE BELTS / KAMBUI GREENSTONE BELT","SOUTH KAMBUI","7.95","7.95","-11.19","-11.19","SAE","","","s_60 [8624]","SERPENTINITE [8624]","2800000000 [8624]","2800000000 [8624]","NEO [8624]","ARCHEAN [8624]","","","","","MET","","","","","WR [8624] ","42.38","0.19","","4.99","","","","","5.24","28.64","0.16","","0.03","0.27","0.06","","","","","","","","","","","","","","","","7.58","","","","","","","","","","","","","","","","","","","","","","","","","","","","","","","2982","","","","1491","","46","","","","","","3","34","4","12","","","","","","","","","","","","","","3","","","","","","","","","","","","","","","","","","","","","","","","","","","","","","","","","","","","","","","","","","","","","","","","","","","","","247024","[8624]","ARCHEAN CRATON (INCLUDING GREENSTONE BELTS)","WEST AFRICAN CRATON_ARCHEAN / SIERRA LEONE GREENSTONE BELTS / GORI HILLS GREENSTONE BELT","","8.37","8.37","-10.77","-10.77","SAE","","","s_79 [8624]","NOT GIVEN [8624]","2800000000 [8624]","2800000000 [8624]","NEO [8624]","ARCHEAN [8624]","","","","","MET","","","","","WR [8624] ","42.86","0.39","","8.42","","","","","7.66","21.59","0.21","","0.07","0.18","0.1","","","","","","","","","","","","","","","","5.83","","","","","","","","","","","","","","","","","","","","","","","","","","","","","","","4150","","","","997","","83","","","","","","3","11","10","26","","","","","","","","","","","","","","3","","","","","","","","","","","","","","","","","","","","","","","","","","","","","","","","","","","","","","","","","","","","","","","","","","","","","247025","[8624]","ARCHEAN CRATON (INCLUDING GREENSTONE BELTS)","WEST AFRICAN CRATON_ARCHEAN / SIERRA LEONE GREENSTONE BELTS / GORI HILLS GREENSTONE BELT","","8.37","8.37","-10.77","-10.77","SAE","","","s_83 [8624]","NOT GIVEN [8624]","2800000000 [8624]","2800000000 [8624]","NEO [8624]","ARCHEAN [8624]","","","","","MET","","","","","WR [8624] ","44.8","0.56","","9.84","","","","","9.46","17.43","0.25","","0.08","0.74","0.13","","","","","","","","","","","","","","","","3.66","","","","","","","","","","","","","","","","","","","","","","","","","","","","","","","3107","","","","818","","111","","","","","","3","14","13","36","","","","","","","","","","","","","","3","","","","","","","","","","","","","","","","","","","","","","","","","","","","","","","","","","","","","","","","","","","","","","","","","","","","","247026","[8624]","ARCHEAN CRATON (INCLUDING GREENSTONE BELTS)","WEST AFRICAN CRATON_ARCHEAN / SIERRA LEONE GREENSTONE BELTS / KAMBUI GREENSTONE BELT","NORTH KAMBUI","7.95","7.95","-11.19","-11.19","SAE","","","s_AJ1487 [8624]","SERPENTINITE [8624]","2800000000 [8624]","2800000000 [8624]","NEO [8624]","ARCHEAN [8624]","","","","COARSE-GRAINED [8624] ","MET","","","","","WR [8624] ","34.51","","","1.22","","","","","0.11","38.03","0.18","","0.02","0.14","0.02","","","","","","","","","","","","","","","","11.9","","","","","","","","","","","","","","","","","","","","","","","","","","","","","","","5200","","","","","","","","","","","","","","","","","","","","","","","","","","","","","","","","","","","","","","","","","","","","","","","","","","","","","","","","","","","","","","","","","","","","","","","","","","","","","","","","","","247027","[8624]","ARCHEAN CRATON (INCLUDING GREENSTONE BELTS)","WEST AFRICAN CRATON_ARCHEAN / SIERRA LEONE GREENSTONE BELTS / KAMBUI GREENSTONE BELT","NORTH KAMBUI","7.95","7.95","-11.19","-11.19","SAE","","","s_AJ103 [8624]","DUNITE [8624]","2800000000 [8624]","2800000000 [8624]","NEO [8624]","ARCHEAN [8624]","","","","","PLU","","","","","WR [8624] ","36.3","0.06","","0.7","","","","","1.2","45.7","0.09","","0.02","0.03","0.06","","","","","","","","","","","","","","","","7.28","","","","","","","","","","","","","","","","","","","","","","","","","","","","","","","8143","","","","1870","","","","","","","","","","","","","","","","","","","","","","","","","","","","","","","","","","","","","","","","","","","","","","","","","","","","","","","","","","","","","","","","","","","","","","","","","","","","","","247028","[8624]","ARCHEAN CRATON (INCLUDING GREENSTONE BELTS)","WEST AFRICAN CRATON_ARCHEAN / SIERRA LEONE GREENSTONE BELTS / MANO MOA GREENSTONE BELT","BAGLA HILL","9.5","9.5","-11.25","-11.25","SAE","","","s_159 [8624]","NOT GIVEN [8624]","2800000000 [8624]","2800000000 [8624]","NEO [8624]","ARCHEAN [8624]","","","","EQUIGRANULAR [8624] ","MET","","","","","WR [8624] ","51.09","0.65","","7.54","","","","","14.07","13.49","0.2","","0.48","1.84","0.16","","","","","","","","","","","","","","","","0","","","","","","","","","","","","","","","","","","","","","","","","","","","","","","","1374","","","","274","","58","","","","","","5","83","13","46","","","","","","","","","","","","","","38","","","","","","","","","","","","","","","","","","","","","","","","","","","","","","","","","","","","","","","","","","","","","","","","","","","","","247029","[8624]","ARCHEAN CRATON (INCLUDING GREENSTONE BELTS)","WEST AFRICAN CRATON_ARCHEAN / SIERRA LEONE GREENSTONE BELTS / MANO MOA GREENSTONE BELT","BAGLA HILL","9.5","9.5","-11.25","-11.25","SAE","","","s_160 [8624]","NOT GIVEN [8624]","2800000000 [8624]","2800000000 [8624]","NEO [8624]","ARCHEAN [8624]","","","","EQUIGRANULAR [8624] ","MET","","","","","WR [8624] ","48.84","0.48","","5.28","","","","","13.51","17.91","0.2","","0.39","1.54","0.13","","","","","","","","","","","","","","","","0.45","","","","","","","","","","","","","","","","","","","","","","","","","","","","","","","2464","","","","518","","54","","","","","","6","67","9","29","","","","","","","","","","","","","","3","","","","","","","","","","","","","","","","","","","","","","","","","","","","","","","","","","","","","","","","","","","","","","","","","","","","","247030","[8624]","ARCHEAN CRATON (INCLUDING GREENSTONE BELTS)","WEST AFRICAN CRATON_ARCHEAN / SIERRA LEONE GREENSTONE BELTS / MANO MOA GREENSTONE BELT","BAGLA HILL","9.5","9.5","-11.25","-11.25","SAE","","","s_178 [8624]","NOT GIVEN [8624]","2800000000 [8624]","2800000000 [8624]","NEO [8624]","ARCHEAN [8624]","","","","EQUIGRANULAR [8624] ","MET","","","","","WR [8624] ","48.25","0.11","","6.51","","","","","5.72","25.18","0.23","","0.19","0.53","0.11","","","","","","","","","","","","","","","","0.5","","","","","","","","","","","","","","","","","","","","","","","","","","","","","","","3426","","","","963","","85","","","","","","4","16","9","29","","","","","","","","","","","","","","3","","","","","","","","","","","","","","","","","","","","","","","","","","","","","","","","","","","","","","","","","","","","","","","","","","","","","247031","[8624]","ARCHEAN CRATON (INCLUDING GREENSTONE BELTS)","WEST AFRICAN CRATON_ARCHEAN / SIERRA LEONE GREENSTONE BELTS / MANO MOA GREENSTONE BELT","BAGLA HILL","9.5","9.5","-11.25","-11.25","SAE","","","s_170 [8624]","NOT GIVEN [8624]","2800000000 [8624]","2800000000 [8624]","NEO [8624]","ARCHEAN [8624]","","","","EQUIGRANULAR [8624] ","MET","","","","","WR [8624] ","43.46","0.27","","4.05","","","","","5.19","40.9","0.18","","0.93","0.91","0.1","","","","","","","","","","","","","","","","2.83","","","","","","","","","","","","","","","","","","","","","","","","","","","","","","","4217","","","","1320","","47","","","","","","39","40","10","21","","","","","","","","","","","","","","6","","","","","","","","","","","","","","","","","","","","","","","","","","","","","","","","","","","","","","","","","","","","","","","","","","","","","247032","[17604]","ARCHEAN CRATON (INCLUDING GREENSTONE BELTS)","WEST AFRICAN CRATON_ARCHEAN / WESTERN HOGGAR / IN^OUZZAL BASEMENT","","23.58","23.58","3.08","3.08","SAE","","","s_INH 181 [17604]","CARBONATITE [17604]","","","","ARCHEAN [17604]","","","","","PLU","","","","","WR [17604] ","11.29","0.06","","1.76","","0.87","1.06","","47.07","2.9","0.22","","0.9","","2.06","","","","","32.94","","","","","","","","","","","","","","","","","","","","","","","","","","","","","","","","","","","","","","","","","","","","","","","","","","","","","","","","","","","","","","","","","","","","","","","","766","1637","","800","104","23.3","","6","","","","","8.1","0.75","","","","","","","","","","","","","26.5","0.85","","","","","","","","","","","","","","","","","","","","","","","","","733229","[17604]","ARCHEAN CRATON (INCLUDING GREENSTONE BELTS)","WEST AFRICAN CRATON_ARCHEAN / WESTERN HOGGAR / IN^OUZZAL BASEMENT","","23.58","23.58","3.08","3.08","SAE","","","s_INH 159 [17604]","SYENITE [17604]","","","","ARCHEAN [17604]","","","","CUMULATE [17604] ","PLU","","","","","WR [17604] ","58.78","0.23","","9.25","","0.8","2.45","","12.91","6.93","0.38","","6.45","0.85","1","0.65","","","","","","","","","","","","","","","","","","","","","","","","","","","","","","","","","","","","","","","","","","","","","","","","","","","","","","","","","","","","","","","","","","","","","","","","","","","","409","874","","420","62.8","11.2","","3.2","","","","","3.31","0.29","","","","","","","","","","","","","67","7.3","","","","","","","","","","","","","","","","","","","","","","","","","733230","[17604]","ARCHEAN CRATON (INCLUDING GREENSTONE BELTS)","WEST AFRICAN CRATON_ARCHEAN / WESTERN HOGGAR / IN^OUZZAL BASEMENT","","23.58","23.58","3.08","3.08","SAE","","","s_INH 156 [17604]","CARBONATITE [17604]","","","","ARCHEAN [17604]","","","","","PLU","","","","","WR [17604] ","59.46","0.19","","10.71","","0.53","2.9","","11.11","5.83","0.33","","7.55","0.96","0.52","0.32","","","","","","","","","","","","","","","","","","","","","","","","","","","","","","","","","","","","","","","","","","","","","","","","","","","","","","","","","","","","","","","","","","","","","","","","","","","","122","292","","134","26.3","5.9","","1.57","","","","","2.98","0.37","","","","","","","","","","","","","62.8","3.5","","","","","","","","","","","","","","","","","","","","","","","","","733231","[17604]","ARCHEAN CRATON (INCLUDING GREENSTONE BELTS)","WEST AFRICAN CRATON_ARCHEAN / WESTERN HOGGAR / IN^OUZZAL BASEMENT","","23.58","23.58","3.08","3.08","SAE","","","s_INH 165 [17604]","NOT GIVEN [17604]","","","","ARCHEAN [17604]","","","","","PLU","","","","","WR [17604] ","48.4","0.56","","5.85","","3.48","5.44","","22.03","11.12","0.4","","0.19","0.45","0.11","0.48","","","","0.53","","","","","","","","","","","","","","","","","","","","","","","","","","","","","","","","","","","","","","","","","","","","","","","","","","","","","","","","","","","","","","","","","","","","","","","","72.6","211","","114","29","6.2","","1.8","","","","","4.2","0.6","","","","","","","","","","","","","5.7","0.69","","","","","","","","","","","","","","","","","","","","","","","","","733232",
References:
"[5205] ROLLINSON H. R. ; PETROLOGY AND GEOCHEMISTRY OF METAMORPHOSED KOMATIITES AND BASALTS FROM THE SULA MOUNTAINS GREENSTONE BELT, SIERRA LEONE ; CONTRIB. MINERAL. PETROL. 134 [1999] 86-101"
"[8624] ROLLINSON H. R. ; THE GEOCHEMISTRY OF MAFIC AND ULTRAMAFIC ROCKS FROM THE ARCHEAN GREENSTONE BELTS OF SIERRA LEONE ; MINERAL. MAG. 47 [1983] 267-280"
"[17604] OUZEGANE K., FOURCADE S., KIENAST J.-R., JAVOY M. ; NEW CARBONATITE COMPLEXES IN THE ARCHEAN IN^OUZZAL NUCLEUS (AHAGGAR, ALGERIA): MINERALOGICAL AND GEOCHEMICAL DATA ; CONTRIB. MINERAL. PETROL. 98 [1988] 277-292"
